0
40000
80000
120000
160000
200000
240000
280000
320000
360000
400000
440000
480000
520000
560000
600000
640000
680000
720000
760000
800000
840000
880000
920000
960000
1000000
1040000
1080000
1120000
1160000
1200000
1240000
1280000
1320000
1360000
1400000
1440000
1480000
1520000
1560000
1600000
1640000
1680000
1720000
1760000
1800000
1840000
1880000
1920000
1960000
2000000
2040000
2080000
2120000
2160000
2200000
2240000
2280000
2320000
2360000
2400000
2440000
2480000
2520000
2560000
2600000
2640000
2680000
2720000
2760000
2800000
2840000
2880000
2920000
2960000
3000000
3040000
3080000
3120000
3160000
3200000
3240000
3280000
3320000
3360000
3400000
3440000
3480000
3520000
3560000
3600000
3640000
3680000
3720000
3760000
3800000
3840000
3880000
3920000
3960000
4000000
4040000
4080000
4120000
4160000
4200000
4240000
4280000
4320000
4360000
4400000
4440000
4480000
4520000
4560000
4600000
4640000
4680000
4720000
4760000
4800000
4840000
4880000
4920000
4960000
5000000
5040000
5080000
5120000
5160000
5200000
5240000
5280000
5320000
5360000
5400000
5440000
5480000
5520000
5560000
5600000
5640000
5680000
5720000
5760000
5800000
5840000
5880000
5920000
5960000
6000000
6040000
6080000
6120000
6160000
6200000
6240000
6280000
6320000
6360000
6400000
6440000
6480000
6520000
6560000
6600000
6640000
6680000
6720000
6760000
6800000
6840000
6880000
6920000
6960000
7000000
7040000
7080000
7120000
7160000
7200000
7240000
7280000
7320000
7360000
7400000
7440000
7480000
7520000
7560000
7600000
7640000
7680000
7720000
7760000
7800000
7840000
7880000
7920000
7960000
8000000
8040000
8080000
8120000
8160000
8200000
8240000
8280000
8320000
8360000
8400000
8440000
8480000
8520000
8560000
8600000
8640000
8680000
8720000
8760000
8800000
8840000
8880000
8920000
8960000
9000000
9040000
9080000
9120000
9160000
9200000
9240000
9280000
9320000
9360000
9400000
9440000
9480000
9520000
9560000
9600000
9640000
9680000
9720000
9760000
9800000
9840000
9880000
9920000
9960000
10000000
10040000
10080000
10120000
10160000
10200000
10240000
10280000
10320000
10360000
10400000
10440000
10480000
10520000
10560000
10600000
10640000
10680000
10720000
10760000
10800000
10840000
10880000
10920000
10960000
11000000
11040000
11080000
11120000
11160000
11200000
11240000
11280000
11320000
11360000
11400000
11440000
11480000
11520000
11560000
11600000
11640000
11680000
11720000
11760000
11800000
11840000
11880000
11920000
11960000
12000000
12040000
12080000
12120000
12160000
12200000
12240000
12280000
12320000
12360000
12400000
12440000
12480000
12520000
12560000
12600000
12640000
12680000
12720000
12760000
12800000
12840000
12880000
12920000
12960000
13000000
13040000
13080000
13120000
13160000
13200000
13240000
13280000
13320000
13360000
13400000
13440000
13480000
13520000
13560000
13600000
13640000
13680000
13720000
13760000
13800000
13840000
13880000
13920000
13960000
14000000
14040000
14080000
14120000
14160000
14200000
14240000
14280000
14320000
14360000
14400000
14440000
14480000
14520000
14560000
14600000
14640000
14680000
14720000
14760000
14800000
14840000
14880000
14920000
14960000
15000000
15040000
15080000
15120000
15160000
15200000
15240000
15280000
15320000
15360000
15400000
15440000
15480000
15520000
15560000
15600000
15640000
15680000
15720000
15760000
15800000
15840000
15880000
15920000
15960000
16000000
16040000
16080000
16120000
16160000
16200000
16240000
16280000
16320000
16360000
16400000
16440000
16480000
16520000
16560000
16600000
16640000
16680000
16720000
16760000
16800000
16840000
16880000
16920000
16960000
17000000
17040000
17080000
17120000
17160000
17200000
17240000
17280000
17320000
17360000
17400000
17440000
17480000
17520000
17560000
17600000
17640000
17680000
17720000
17760000
17800000
17840000
17880000
17920000
17960000
18000000
18040000
18080000
18120000
18160000
18200000
18240000
18280000
18320000
18360000
18400000
18440000
18480000
18520000
18560000
18600000
18640000
18680000
18720000
18760000
18800000
18840000
18880000
18920000
18960000
19000000
19040000
19080000
19120000
19160000
19200000
19240000
19280000
19320000
19360000
19400000
19440000
19480000
19520000
19560000
19600000
19640000
19680000
19720000
19760000
19800000
19840000
19880000
19920000
19960000
20000000
20040000
20080000
20120000
20160000
20200000
20240000
20280000
20320000
20360000
20400000
20440000
20480000
20520000
20560000
20600000
20640000
20680000
20720000
20760000
20800000
20840000
20880000
20920000
20960000
21000000
21040000
21080000
21120000
21160000
21200000
21240000
21280000
21320000
21360000
21400000
21440000
21480000
21520000
21560000
21600000
21640000
21680000
21720000
21760000
21800000
21840000
21880000
21920000
21960000
22000000
22040000
22080000
22120000
22160000
22200000
22240000
22280000
22320000
22360000
22400000
22440000
22480000
22520000
22560000
22600000
22640000
22680000
22720000
22760000
22800000
22840000
22880000
22920000
22960000
23000000
23040000
23080000
23120000
23160000
23200000
23240000
23280000
23320000
23360000
23400000
23440000
23480000
23520000
23560000
23600000
23640000
23680000
23720000
23760000
23800000
23840000
23880000
23920000
23960000
24000000
24040000
24080000
24120000
24160000
24200000
24240000
24280000
24320000
24360000
24400000
24440000
24480000
24520000
24560000
24600000
24640000
24680000
24720000
24760000
24800000
24840000
24880000
24920000
24960000
25000000
25040000
25080000
25120000
25160000
25200000
25240000
25280000
25320000
25360000
25400000
25440000
25480000
25520000
25560000
25600000
25640000
25680000
25720000
25760000
25800000
25840000
25880000
25920000
25960000
26000000
26040000
26080000
26120000
26160000
26200000
26240000
26280000
26320000
26360000
26400000
26440000
26480000
26520000
26560000
26600000
26640000
26680000
26720000
26760000
26800000
26840000
26880000
26920000
26960000
27000000
27040000
27080000
27120000
27160000
27200000
27240000
27280000
27320000
27360000
27400000
27440000
27480000
27520000
27560000
27600000
27640000
27680000
27720000
27760000
27800000
27840000
27880000
27920000
27960000
28000000
28040000
28080000
28120000
28160000
28200000
28240000
28280000
28320000
28360000
28400000
28440000
28480000
28520000
28560000
28600000
28640000
28680000
28720000
28760000
28800000
28840000
28880000
28920000
28960000
29000000
29040000
29080000
29120000
29160000
29200000
29240000
29280000
29320000
29360000
29400000
29440000
29480000
29520000
29560000
29600000
29640000
29680000
29720000
29760000
29800000
29840000
29880000
29920000
29960000
30000000
30040000
30080000
30120000
30160000
30200000
30240000
30280000
30320000
30360000
30400000
30440000
30480000
30520000
30560000
30600000
30640000
30680000
30720000
30760000
30800000
30840000
30880000
30920000
30960000
31000000
31040000
31080000
31120000
31160000
31200000
31240000
31280000
31320000
31360000
31400000
31440000
31480000
31520000
31560000
31600000
31640000
31680000
31720000
31760000
31800000
31840000
31880000
31920000
31960000
32000000
32040000
32080000
32120000
32160000
32200000
32240000
32280000
32320000
32360000
32400000
32440000
32480000
32520000
32560000
32600000
32640000
32680000
32720000
32760000
32800000
32840000
32880000
32920000
32960000
33000000
33040000
33080000
33120000
33160000
33200000
33240000
33280000
33320000
33360000
33400000
33440000
33480000
33520000
33560000
33600000
33640000
33680000
33720000
33760000
33800000
33840000
33880000
33920000
33960000
34000000
34040000
34080000
34120000
34160000
34200000
34240000
34280000
34320000
34360000
34400000
34440000
34480000
34520000
34560000
34600000
34640000
34680000
34720000
34760000
34800000
34840000
34880000
34920000
34960000
35000000
35040000
35080000
35120000
35160000
35200000
35240000
35280000
35320000
35360000
35400000
35440000
35480000
35520000
35560000
35600000
35640000
35680000
35720000
35760000
35800000
35840000
35880000
35920000
35960000
36000000
36040000
36080000
36120000
36160000
36200000
36240000
36280000
36320000
36360000
36400000
36440000
36480000
36520000
36560000
36600000
36640000
36680000
36720000
36760000
36800000
36840000
36880000
36920000
36960000
37000000
37040000
37080000
37120000
37160000
37200000
37240000
37280000
37320000
37360000
37400000
37440000
37480000
37520000
37560000
37600000
37640000
37680000
37720000
37760000
37800000
37840000
37880000
37920000
37960000
38000000
38040000
38080000
38120000
38160000
38200000
38240000
38280000
38320000
38360000
38400000
38440000
38480000
38520000
38560000
38600000
38640000
38680000
38720000
38760000
38800000
38840000
38880000
38920000
38960000
39000000
39040000
39080000
39120000
39160000
39200000
39240000
39280000
39320000
39360000
39400000
39440000
39480000
39520000
39560000
39600000
39640000
39680000
39720000
39760000
39800000
39840000
39880000
39920000
39960000
40000000
40040000
40080000
40120000
40160000
40200000
40240000
40280000
40320000
40360000
40400000
40440000
40480000
40520000
40560000
40600000
40640000
40680000
40720000
40760000
40800000
40840000
40880000
40920000
40960000
41000000
41040000
41080000
41120000
41160000
41200000
41240000
41280000
41320000
41360000
41400000
41440000
41480000
41520000
41560000
41600000
41640000
41680000
41720000
41760000
41800000
41840000
41880000
41920000
41960000
42000000
42040000
42080000
42120000
42160000
42200000
42240000
42280000
42320000
42360000
42400000
42440000
42480000
42520000
42560000
42600000
42640000
42680000
42720000
42760000
42800000
42840000
42880000
42920000
42960000
43000000
43040000
43080000
43120000
43160000
43200000
43240000
43280000
43320000
43360000
43400000
43440000
43480000
43520000
43560000
43600000
43640000
43680000
43720000
43760000
43800000
43840000
43880000
43920000
43960000
44000000
44040000
44080000
44120000
44160000
44200000
44240000
44280000
44320000
44360000
44400000
44440000
44480000
44520000
44560000
44600000
44640000
44680000
44720000
44760000
44800000
44840000
44880000
44920000
44960000
45000000
45040000
45080000
45120000
45160000
45200000
45240000
45280000
45320000
45360000
45400000
45440000
45480000
45520000
45560000
45600000
45640000
45680000
45720000
45760000
45800000
45840000
45880000
45920000
45960000
46000000
46040000
46080000
46120000
46160000
46200000
46240000
46280000
46320000
46360000
46400000
46440000
46480000
46520000
46560000
46600000
46640000
46680000
46720000
46760000
46800000
46840000
46880000
46920000
46960000
47000000
47040000
47080000
47120000
47160000
47200000
47240000
47280000
47320000
47360000
47400000
47440000
47480000
47520000
47560000
47600000
47640000
47680000
47720000
47760000
47800000
47840000
47880000
47920000
47960000
48000000
48040000
48080000
48120000
48160000
48200000
48240000
48280000
48320000
48360000
48400000
48440000
48480000
48520000
48560000
48600000
48640000
48680000
48720000
48760000
48800000
48840000
48880000
48920000
48960000
49000000
49040000
49080000
49120000
49160000
49200000
49240000
49280000
49320000
49360000
49400000
49440000
49480000
49520000
49560000
49600000
49640000
49680000
